# line 0
23.120.182.
23.129.64.
45.153.160.
45.154.35.
51.210.242.
104.244.7
107.189.10.
109.70.100.
131.148.33.
178.17.17
185.100.8
185.220.100.
185.220.101.
185.220.102.
187.121.9
193.218.118.
199.249.230.

# VPN and VPS
1442
3214
3223
3327
3842
4785
7040
7203
8075
8473
9009
9471
12876
12989
13030
13213
13335
14754
15003
15169
16247
16276
16509
20278
20473
20860
20952
21193
21859
24806
24940
28753
33438
36351
36599
42473
42708
42831
45328
45671
46562
47674
48031
49367
49981
50360
51167
51430
51815
51852
52173
53667
53850
55081
55286
55536
56577
59898
60068
60781
61317
62240
63023
63479
63997
64050
131229
136052
137409
197328
197595
198093
199524
202448
203523
204287
204957
205016
205544
205544
206092
262287
394380
394380
395954
395954
396919
